   14593    20031231        21.37000       0.021999       0.021999      0.050765
   14593    20040130        22.56000       0.055685       0.055685      0.017276
   14593    20040227        23.92000       0.060284       0.060284      0.012209
   14593    20040331        27.04000       0.130435       0.130435     -0.016359
   14593    20040430        25.78000      -0.046598      -0.046598     -0.016791
   14593    20040528        28.06000       0.088441       0.088441      0.012083
   14593    20040630        32.54000       0.159658       0.159658      0.017989
   14593    20040730        32.34000      -0.006146      -0.006146     -0.034291
   14593    20040831        34.49000       0.066481       0.066481      0.002287
   14593    20040930        38.75000       0.123514       0.123514      0.009364
   14593    20041029        52.40000       0.352258       0.352258      0.014014
   14593    20041130        67.05000       0.279580       0.279580      0.038595
   14593    20041231        64.40000      -0.039523      -0.039523      0.032458
   14593    20050131        76.90000       0.194099       0.194099     -0.025290
   14593    20050228        44.86000       0.166710       0.166710      0.018903
   14593    20050331        41.67000      -0.071110      -0.071110     -0.019118
   14593    20050429        36.06000      -0.134629      -0.134629     -0.020109
   14593    20050531        39.75930       0.102587       0.102587      0.029952
   14593    20050630        36.81000      -0.074179      -0.074179     -0.000143
   14593    20050729        42.65000       0.158653       0.158653      0.035968
   14593    20050831        46.89000       0.099414       0.099414     -0.011222
   14593    20050930        53.61000       0.143314       0.143314      0.006949
   14593    20051031        57.59000       0.074240       0.074240     -0.017741
   14593    20051130        67.82000       0.177635       0.177635      0.035186
   14593    20051230        71.89000       0.060012       0.060012     -0.000952
   14593    20060131        75.51000       0.050355       0.050355      0.025467
   14593    20060228        68.49000      -0.092968      -0.092968      0.000453
   14593    20060331        62.72000      -0.084246      -0.084246      0.011065
   14593    20060428        70.39000       0.122290       0.122290      0.012187
   14593    20060531        59.77000      -0.150874      -0.150874     -0.030917
   14593    20060630        57.27000      -0.041827      -0.041827      0.000087
   14593    20060731        67.96000       0.186660       0.186660      0.005086
   14593    20060831        67.85000      -0.001619      -0.001619      0.021274
   14593    20060929        76.98000       0.134562       0.134562      0.024566
   14593    20061031        81.08000       0.053261       0.053261      0.031508
   14593    20061130        91.66000       0.130488       0.130488      0.016467
   14593    20061229        84.84000      -0.074405      -0.074405      0.012616
   14593    20070131        85.73000       0.010490       0.010490      0.014059
   14593    20070228        84.61000      -0.013064      -0.013064     -0.021846
   14593    20070330        92.91000       0.098097       0.098097      0.009980
   14593    20070430        99.80000       0.074158       0.074158      0.043291
   14593    20070531       121.19100       0.214339       0.214339      0.032549
   14593    20070629       122.04000       0.007005       0.007005     -0.017816
   14593    20070731       131.75999       0.079646       0.079646     -0.031982
   14593    20070831       138.48000       0.051002       0.051002      0.012864
   14593    20070928       153.47000       0.108247       0.108247      0.035794
   14593    20071031       189.95000       0.237701       0.237701      0.014822
   14593    20071130       182.22000      -0.040695      -0.040695     -0.044043
   14593    20071231       198.08000       0.087038       0.087038     -0.008628
   14593    20080131       135.36000      -0.316640      -0.316640     -0.061163
   14593    20080229       125.02000      -0.076389      -0.076389     -0.034761
   14593    20080331       143.50000       0.147816       0.147816     -0.005960
   14593    20080430       173.95000       0.212195       0.212195      0.047547
   14593    20080530       188.75000       0.085082       0.085082      0.010674
   14593    20080630       167.44000      -0.112901      -0.112901     -0.085962
   14593    20080731       158.95000      -0.050705      -0.050705     -0.009859
   14593    20080829       169.53000       0.066562       0.066562      0.012191
   14593    20080930       113.66000      -0.329558      -0.329558     -0.090791
   14593    20081031       107.59000      -0.053405      -0.053405     -0.169425
   14593    20081128        92.67000      -0.138675      -0.138675     -0.074849
   14593    20081231        85.35000      -0.078990      -0.078990      0.007822
