   70519    20080102      -0.017663     -0.011906
   70519    20080103       0.000346     -0.000972
   70519    20080104      -0.023851     -0.025716
   70519    20080107       0.000708      0.000173
   70519    20080108      -0.039632     -0.017141
   70519    20080109       0.012896      0.009970
   70519    20080110       0.022554      0.008446
   70519    20080111       0.016008     -0.013880
   70519    20080114       0.017507      0.010462
   70519    20080115      -0.072952     -0.024690
   70519    20080116      -0.025984     -0.006532
   70519    20080117      -0.048781     -0.027853
   70519    20080118      -0.020433     -0.005737
   70519    20080122      -0.002041     -0.009292
   70519    20080123       0.080323      0.019955
   70519    20080124       0.036798      0.012507
   70519    20080125      -0.025247     -0.013115
   70519    20080128       0.037913      0.017225
   70519    20080129       0.009403      0.006437
   70519    20080130      -0.001078     -0.005340
   70519    20080131       0.021883      0.014973
   70519    20080201       0.053958      0.016011
   70519    20080204      -0.015830     -0.009049
   70519    20080205      -0.074264     -0.030809
   70519    20080206      -0.004806     -0.008020
   70519    20080207      -0.008172      0.007762
   70519    20080208      -0.025094     -0.002051
   70519    20080211      -0.008452      0.005797
   70519    20080212       0.015498      0.006229
   70519    20080213       0.004960      0.014443
   70519    20080214      -0.022779     -0.013311
   70519    20080215      -0.010101     -0.000504
   70519    20080219      -0.006279      0.000504
   70519    20080220       0.006714      0.008951
   70519    20080221      -0.017262     -0.011919
   70519    20080222       0.002794      0.006776
   70519    20080225      -0.015127      0.015127
   70519    20080226       0.008488      0.008194
   70519    20080227       0.030862     -0.000813
   70519    20080228      -0.027605     -0.007743
   70519    20080229      -0.051979     -0.026211
   70519    20080303      -0.026149     -0.000474
   70519    20080304      -0.042876     -0.004683
   70519    20080305       0.002262      0.006875
   70519    20080306      -0.044244     -0.022059
   70519    20080307      -0.012282     -0.008748
   70519    20080310      -0.058345     -0.018319
   70519    20080311       0.091417      0.035833
   70519    20080312      -0.013029     -0.007037
   70519    20080313      -0.006601      0.007368
   70519    20080314      -0.061229     -0.020020
   70519    20080317      -0.058640     -0.015017
   70519    20080318       0.112245      0.039806
   70519    20080319      -0.014486     -0.026023
   70519    20080320       0.102401      0.021361
   70519    20080324       0.034222      0.017599
   70519    20080325       0.006446      0.005644
   70519    20080326      -0.058497     -0.006469
   70519    20080327      -0.011791     -0.010229
   70519    20080328      -0.044057     -0.008038
   70519    20080331       0.028325      0.005309
   70519    20080401       0.112979      0.032288
   70519    20080402       0.007550      0.000325
   70519    20080403       0.014155      0.002634
   70519    20080404      -0.011494      0.001963
   70519    20080407       0.021595      0.001688
   70519    20080408      -0.034146     -0.003144
   70519    20080409      -0.007576     -0.009013
   70519    20080410       0.005513      0.005641
   70519    20080411      -0.014762     -0.019650
   70519    20080414      -0.036387     -0.002569
   70519    20080415       0.012883      0.005060
   70519    20080416       0.028070      0.024162
   70519    20080417       0.025171     -0.001137
   70519    20080418       0.044944      0.016684
   70519    20080421      -0.003186     -0.000599
   70519    20080422       0.003596     -0.009289
   70519    20080423      -0.019506      0.001064
   70519    20080424       0.045879      0.005190
   70519    20080425       0.032609      0.006949
   70519    20080428       0.007895      0.000225
   70519    20080429      -0.018277     -0.005612
   70519    20080430      -0.039894     -0.001663
   70519    20080501       0.041155      0.014648
   70519    20080502       0.015391      0.003252
   70519    20080505      -0.024252     -0.002692
   70519    20080506       0.004660      0.008456
   70519    20080507      -0.053730     -0.015879
   70519    20080508      -0.007353      0.004569
   70519    20080509      -0.027572     -0.004578
   70519    20080512       0.000423      0.011026
   70519    20080513      -0.025804      0.000785
   70519    20080514       0.009553      0.003077
   70519    20080515       0.020645      0.011104
   70519    20080516      -0.025706      0.002352
   70519    20080519      -0.005623     -0.000200
   70519    20080520      -0.038277     -0.005963
   70519    20080521      -0.047490     -0.015439
   70519    20080522       0.031339      0.002921
   70519    20080523      -0.027624     -0.011587
   70519    20080527       0.025568      0.004960
   70519    20080528      -0.002770      0.005743
   70519    20080529       0.020370      0.004451
   70519    20080530      -0.006806      0.003224
   70519    20080602      -0.019644     -0.009048
   70519    20080603      -0.001864     -0.004810
   70519    20080604      -0.015873     -0.000846
   70519    20080605       0.006641      0.020296
   70519    20080606      -0.054665     -0.026779
   70519    20080609      -0.022931     -0.000546
   70519    20080610       0.033673     -0.004835
   70519    20080611      -0.051826     -0.015260
   70519    20080612       0.035398      0.001485
   70519    20080613       0.029663      0.014803
   70519    20080616       0.017090      0.003238
   70519    20080617      -0.017763     -0.004018
   70519    20080618      -0.002933     -0.008334
   70519    20080619      -0.011274      0.002434
   70519    20080620      -0.043133     -0.017488
   70519    20080623      -0.038860     -0.000846
   70519    20080624       0.016173     -0.006243
   70519    20080625       0.000000      0.006209
   70519    20080626      -0.062599     -0.026301
   70519    20080627      -0.023769     -0.002562
   70519    20080630      -0.028406     -0.001065
   70519    20080701       0.022076      0.001936
   70519    20080702      -0.016929     -0.021023
   70519    20080703      -0.001188     -0.002428
   70519    20080707      -0.024970     -0.008572
   70519    20080708       0.060366      0.017087
   70519    20080709      -0.054629     -0.019433
   70519    20080710      -0.009732      0.007586
   70519    20080711      -0.005528     -0.008324
   70519    20080714      -0.059914     -0.008256
   70519    20080715      -0.043364     -0.011481
   70519    20080716       0.131181      0.024081
   70519    20080717       0.091075      0.009668
   70519    20080718       0.076795      0.000332
   70519    20080721       0.017571      0.003920
   70519    20080722       0.060945      0.011200
   70519    20080723       0.011010      0.001848
   70519    20080724      -0.097538     -0.024362
   70519    20080725      -0.011018      0.005622
   70519    20080728      -0.075332     -0.016562
   70519    20080729       0.058520      0.021358
   70519    20080730       0.019512      0.016603
   70519    20080731       0.010633     -0.011743
   70519    20080801       0.009631     -0.005159
   70519    20080804      -0.002120     -0.013339
   70519    20080805       0.057886      0.024625
   70519    20080806      -0.011044      0.005719
   70519    20080807      -0.062437     -0.016849
   70519    20080808       0.049811      0.019353
   70519    20080811       0.022176      0.006775
   70519    20080812      -0.064581     -0.009609
   70519    20080813      -0.039374     -0.000047
   70519    20080814       0.015160      0.005110
   70519    20080815       0.025996      0.001445
   70519    20080818      -0.050135     -0.013479
   70519    20080819      -0.024404     -0.008884
   70519    20080820       0.017452      0.006819
   70519    20080821      -0.001144      0.003191
   70519    20080822       0.038351      0.009590
   70519    20080825      -0.029217     -0.018609
   70519    20080826       0.013061      0.003549
   70519    20080827       0.015695      0.009579
   70519    20080828       0.052980      0.014353
   70519    20080829      -0.004717     -0.011748
   70519    20080902       0.006319     -0.006897
   70519    20080903       0.026164     -0.002978
   70519    20080904      -0.066803     -0.028878
   70519    20080905       0.042077      0.003869
   70519    20080908       0.065548      0.014849
   70519    20080909      -0.070866     -0.034956
   70519    20080910      -0.010593      0.008580
   70519    20080911      -0.003747      0.011133
   70519    20080912      -0.034928      0.005237
   70519    20080915      -0.151448     -0.045717
   70519    20080916       0.033465      0.015445
   70519    20080917      -0.109206     -0.045638
   70519    20080918       0.186743      0.044155
   70519    20080919       0.240240      0.045751
   70519    20080922      -0.030993     -0.036897
   70519    20080923      -0.001000     -0.015603
   70519    20080924      -0.051526     -0.003309
   70519    20080925       0.023734      0.016541
   70519    20080926       0.038125     -0.001913
   70519    20080929      -0.119107     -0.082684
   70519    20080930       0.155493      0.046811
   70519    20081001       0.121404     -0.005771
   70519    20081002      -0.021739     -0.045771
   70519    20081003      -0.184444     -0.014333
   70519    20081006      -0.051226     -0.042493
   70519    20081007      -0.129810     -0.058149
   70519    20081008      -0.049505     -0.011565
   70519    20081009      -0.102083     -0.073256
   70519    20081010       0.091261     -0.012007
   70519    20081013       0.116230      0.115183
   70519    20081014       0.182222     -0.009013
   70519    20081015      -0.128357     -0.089933
   70519    20081016      -0.020333      0.039809
   70519    20081017      -0.064151     -0.002165
   70519    20081020       0.014113      0.046601
   70519    20081021      -0.060305     -0.031398
   70519    20081022      -0.060649     -0.059163
   70519    20081023      -0.015766      0.000893
   70519    20081024      -0.073989     -0.033284
   70519    20081027      -0.033773     -0.037029
   70519    20081028       0.143223      0.095413
   70519    20081029      -0.037286      0.001460
   70519    20081030       0.027885      0.031798
   70519    20081031       0.041190      0.018260
   70519    20081103       0.024908     -0.000630
   70519    20081104       0.049321      0.038849
   70519    20081105      -0.139646     -0.050697
   70519    20081106      -0.087886     -0.049222
   70519    20081107       0.026042      0.026273
   70519    20081110      -0.051607     -0.013386
   70519    20081111      -0.036574     -0.024351
   70519    20081112      -0.107407     -0.053936
   70519    20081113      -0.019710      0.068298
   70519    20081114       0.007407     -0.043612
   70519    20081117      -0.066176     -0.024270
   70519    20081118      -0.059618      0.005959
   70519    20081119      -0.234450     -0.064384
   70519    20081120      -0.264062     -0.070861
   70519    20081121      -0.199575      0.061504
   70519    20081124       0.578249      0.066742
   70519    20081125       0.021849      0.009621
   70519    20081126       0.159540      0.038676
   70519    20081128       0.175886      0.010365
   70519    20081201      -0.221954     -0.089901
   70519    20081202       0.119380      0.037827
   70519    20081203       0.083103      0.024321
   70519    20081204      -0.053708     -0.030345
   70519    20081205       0.041892      0.036503
   70519    20081208       0.098573      0.040578
   70519    20081209       0.008264     -0.022615
   70519    20081210      -0.028103      0.014948
   70519    20081211      -0.087952     -0.030219
   70519    20081212       0.017173      0.010532
   70519    20081215      -0.038961     -0.014074
   70519    20081216       0.112162      0.053030
   70519    20081217      -0.048603     -0.004944
   70519    20081218      -0.051086     -0.020564
   70519    20081219      -0.055182      0.004139
   70519    20081222      -0.038462     -0.019330
   70519    20081223      -0.034074     -0.007618
   70519    20081224       0.039877      0.004463
   70519    20081226      -0.007375      0.007170
   70519    20081229      -0.023774     -0.004481
   70519    20081230       0.035008      0.024951
   70519    20081231      -0.013235      0.017513
