
   12490    20031231        92.68000       0.023636       0.023636      0.050765
   12490    20040130        99.23000       0.070673       0.070673      0.017276
   12490    20040227        96.50000      -0.025899      -0.027512      0.012209
   12490    20040331        91.84000      -0.048290      -0.048290     -0.016359
   12490    20040430        88.17000      -0.039961      -0.039961     -0.016791
   12490    20040528        88.59000       0.006805       0.004764      0.012083
   12490    20040630        88.15000      -0.004967      -0.004967      0.017989
   12490    20040730        87.07000      -0.012252      -0.012252     -0.034291
   12490    20040831        84.69000      -0.025267      -0.027334      0.002287
   12490    20040930        85.74000       0.012398       0.012398      0.009364
   12490    20041029        89.75000       0.046769       0.046769      0.014014
   12490    20041130        94.24000       0.052033       0.050028      0.038595
   12490    20041231        98.58000       0.046053       0.046053      0.032458
   12490    20050131        93.42000      -0.052343      -0.052343     -0.025290
   12490    20050228        92.58000      -0.007065      -0.008992      0.018903
   12490    20050331        91.38000      -0.012962      -0.012962     -0.019118
   12490    20050429        76.38000      -0.164150      -0.164150     -0.020109
   12490    20050531        75.55000      -0.008248      -0.010867      0.029952
   12490    20050630        74.20000      -0.017869      -0.017869     -0.000143
   12490    20050729        83.46000       0.124798       0.124798      0.035968
   12490    20050831        80.62000      -0.031632      -0.034028     -0.011222
   12490    20050930        80.22000      -0.004962      -0.004962      0.006949
   12490    20051031        81.88000       0.020693       0.020693     -0.017741
   12490    20051130        88.90000       0.088178       0.085735      0.035186
   12490    20051230        82.20000      -0.075366      -0.075366     -0.000952
   12490    20060131        81.30000      -0.010949      -0.010949      0.025467
   12490    20060228        80.24000      -0.010578      -0.013038      0.000453
   12490    20060331        82.47000       0.027792       0.027792      0.011065
   12490    20060428        82.34000      -0.001576      -0.001576      0.012187
   12490    20060531        79.90000      -0.025990      -0.029633     -0.030917
   12490    20060630        76.82000      -0.038548      -0.038548      0.000087
   12490    20060731        77.41000       0.007680       0.007680      0.005086
   12490    20060831        80.97000       0.049864       0.045989      0.021274
   12490    20060929        81.94000       0.011980       0.011980      0.024566
   12490    20061031        92.33000       0.126800       0.126800      0.031508
   12490    20061130        91.92000      -0.001191      -0.004441      0.016467
   12490    20061229        97.15000       0.056897       0.056897      0.012616
   12490    20070131        99.15000       0.020587       0.020587      0.014059
   12490    20070228        92.94000      -0.059607      -0.062632     -0.021846
   12490    20070330        94.26000       0.014203       0.014203      0.009980
   12490    20070430       102.21000       0.084341       0.084341      0.043291
   12490    20070531       106.60000       0.046864       0.042951      0.032549
   12490    20070629       105.25000      -0.012664      -0.012664     -0.017816
   12490    20070731       110.65000       0.051306       0.051306     -0.031982
   12490    20070831       116.69000       0.058202       0.054587      0.012864
   12490    20070928       117.80000       0.009512       0.009512      0.035794
   12490    20071031       116.12000      -0.014261      -0.014261      0.014822
   12490    20071130       105.18000      -0.090768      -0.094213     -0.044043
   12490    20071231       108.10000       0.027762       0.027762     -0.008628
   12490    20080131       107.11000      -0.009158      -0.009158     -0.061163
   12490    20080229       113.86000       0.066754       0.063019     -0.034761
   12490    20080331       115.14000       0.011242       0.011242     -0.005960
   12490    20080430       120.70000       0.048289       0.048289      0.047547
   12490    20080530       129.42999       0.076471       0.072328      0.010674
   12490    20080630       118.53000      -0.084215      -0.084215     -0.085962
   12490    20080731       127.98000       0.079727       0.079727     -0.009859
   12490    20080829       121.73000      -0.044929      -0.048836      0.012191
   12490    20080930       116.96000      -0.039185      -0.039185     -0.090791
   12490    20081031        92.97000      -0.205113      -0.205113     -0.169425
   12490    20081128        81.60000      -0.116919      -0.122298     -0.074849
   12490    20081231        84.16000       0.031373       0.031373      0.007822
